#Procedure: <measure.XYmove>
#Parameters:
#	Paso dx: 1 micrometers
#	Paso dy: 1 micrometers
#	Final x: 11 micrometers
#	Final x: 11 micrometers
#	Final x: 0 micrometers
#	Final x: 0 micrometers
#	Averages: 5
#Data:
Wavelenght [nm],Intensity [a.u.]
[ 192.95730947  193.16105095  193.36480884 ... 1024.31173182 1024.55859777
 1024.80547097],[ 0.00076421 -0.00072405  0.00056801 ...  0.00031036 -0.0008385
 -0.0004501 ]
[ 192.95730947  193.16105095  193.36480884 ... 1024.31173182 1024.55859777
 1024.80547097],[ 1.76810016e-04 -7.38986962e-04  5.82484166e-05 ... -1.87065575e-04
 -6.24500855e-04 -2.11587583e-04]
[ 192.95730947  193.16105095  193.36480884 ... 1024.31173182 1024.55859777
 1024.80547097],[ 2.93326948e-05  8.75821473e-06  7.41639899e-05 ... -3.55099329e-04
 -7.72033063e-04  1.11031174e-04]
[ 192.95730947  193.16105095  193.36480884 ... 1024.31173182 1024.55859777
 1024.80547097],[-1.59795292e-04 -3.96946531e-04  3.55386818e-04 ... -2.70203234e-04
 -6.30005415e-04 -2.07850534e-05]
[ 192.95730947  193.16105095  193.36480884 ... 1024.31173182 1024.55859777
 1024.80547097],[ 0.00027089 -0.00053047  0.00099042 ... -0.0002606  -0.00102933
 -0.00058775]
[ 192.95730947  193.16105095  193.36480884 ... 1024.31173182 1024.55859777
 1024.80547097],[ 3.55288139e-04 -1.84379756e-04  1.26267250e-04 ...  4.69821469e-04
 -6.66811732e-04 -9.03738016e-05]
[ 192.95730947  193.16105095  193.36480884 ... 1024.31173182 1024.55859777
 1024.80547097],[-1.75937871e-04 -4.20095738e-06  6.50121811e-04 ...  1.62728884e-05
 -4.78416402e-04 -6.41857898e-04]
[ 192.95730947  193.16105095  193.36480884 ... 1024.31173182 1024.55859777
 1024.80547097],[-3.40149673e-04 -2.29417407e-04 -4.87290773e-04 ...  2.69040968e-04
 -7.98134201e-04  6.04494830e-05]
[ 192.95730947  193.16105095  193.36480884 ... 1024.31173182 1024.55859777
 1024.80547097],[ 0.00047221 -0.00014517  0.00061936 ...  0.0001574  -0.00064388
 -0.0002719 ]
[ 192.95730947  193.16105095  193.36480884 ... 1024.31173182 1024.55859777
 1024.80547097],[ 1.74142246e-04  1.86919254e-05 -3.45796775e-05 ... -9.99714644e-04
 -8.89172276e-04 -2.02174707e-04]
[ 192.95730947  193.16105095  193.36480884 ... 1024.31173182 1024.55859777
 1024.80547097],[ 5.69842379e-04 -4.15669064e-04  7.94548709e-04 ...  5.46937450e-06
 -6.77373627e-04 -2.60317536e-04]
[ 192.95730947  193.16105095  193.36480884 ... 1024.31173182 1024.55859777
 1024.80547097],[ 0.00049234 -0.00054649 -0.00010049 ... -0.00038696 -0.00091831
 -0.00059131]
[ 192.95730947  193.16105095  193.36480884 ... 1024.31173182 1024.55859777
 1024.80547097],[ 2.91898685e-04 -5.55463098e-05  4.25615379e-05 ...  9.17352330e-04
 -8.44492321e-04  1.16164412e-04]
[ 192.95730947  193.16105095  193.36480884 ... 1024.31173182 1024.55859777
 1024.80547097],[ 0.00042934 -0.000413    0.0003966  ... -0.00012677 -0.00069512
 -0.00061331]
[ 192.95730947  193.16105095  193.36480884 ... 1024.31173182 1024.55859777
 1024.80547097],[ 0.00016678 -0.00038915  0.00037913 ...  0.00026483 -0.00107148
  0.00024853]
[ 192.95730947  193.16105095  193.36480884 ... 1024.31173182 1024.55859777
 1024.80547097],[ 1.86375678e-04  5.14029544e-05  7.17922261e-04 ... -2.30636265e-04
 -3.32878387e-04 -2.79753097e-04]
[ 192.95730947  193.16105095  193.36480884 ... 1024.31173182 1024.55859777
 1024.80547097],[ 4.11583386e-04 -4.34831021e-04  2.84911125e-04 ... -3.03914488e-04
 -7.86435958e-04  3.13208173e-05]
[ 192.95730947  193.16105095  193.36480884 ... 1024.31173182 1024.55859777
 1024.80547097],[ 3.14785627e-04 -2.57603308e-04  1.67746506e-04 ... -2.45892431e-05
 -3.96668829e-04 -1.10451833e-04]
[ 192.95730947  193.16105095  193.36480884 ... 1024.31173182 1024.55859777
 1024.80547097],[ 3.81957129e-05 -4.48435072e-04  5.61421995e-04 ... -1.04993711e-04
 -5.95713115e-04 -2.07179979e-04]
[ 192.95730947  193.16105095  193.36480884 ... 1024.31173182 1024.55859777
 1024.80547097],[-1.28895627e-04 -1.15919537e-03  5.04845902e-04 ... -1.61508026e-04
 -7.17755577e-05 -2.55703758e-04]
[ 192.95730947  193.16105095  193.36480884 ... 1024.31173182 1024.55859777
 1024.80547097],[ 4.68235196e-04 -6.80806965e-04  4.29058093e-05 ...  1.20637440e-04
 -1.05293245e-03 -3.25048520e-04]
[ 192.95730947  193.16105095  193.36480884 ... 1024.31173182 1024.55859777
 1024.80547097],[ 0.00062445 -0.00031583  0.00101281 ...  0.00045277 -0.00073696
  0.00070208]
[ 192.95730947  193.16105095  193.36480884 ... 1024.31173182 1024.55859777
 1024.80547097],[ 0.0005264  -0.00044261  0.00020334 ...  0.00046097 -0.00056925
 -0.00015642]
[ 192.95730947  193.16105095  193.36480884 ... 1024.31173182 1024.55859777
 1024.80547097],[-9.81228840e-05 -6.54252637e-04  2.82179000e-04 ... -2.20850232e-04
 -4.98859178e-04 -3.55800501e-04]
[ 192.95730947  193.16105095  193.36480884 ... 1024.31173182 1024.55859777
 1024.80547097],[ 2.59598415e-04 -8.85109527e-04  4.84410675e-04 ...  5.51994461e-05
 -8.23693358e-04  3.41276199e-04]
[ 192.95730947  193.16105095  193.36480884 ... 1024.31173182 1024.55859777
 1024.80547097],[-4.13086059e-04 -2.04634005e-04 -4.70411573e-04 ...  8.58876570e-05
 -4.45679959e-04  8.58677124e-05]
[ 192.95730947  193.16105095  193.36480884 ... 1024.31173182 1024.55859777
 1024.80547097],[ 2.34618807e-05 -6.87886803e-04  3.42422727e-04 ...  3.05161802e-06
 -6.34717527e-04  1.50214632e-04]
[ 192.95730947  193.16105095  193.36480884 ... 1024.31173182 1024.55859777
 1024.80547097],[-7.47479156e-05 -3.37253469e-05  1.25653637e-04 ... -2.87123095e-04
 -2.46379337e-04 -1.35943558e-04]
[ 192.95730947  193.16105095  193.36480884 ... 1024.31173182 1024.55859777
 1024.80547097],[ 1.11924637e-04 -3.25387690e-04  1.80126965e-05 ...  5.00292600e-04
 -1.65983958e-04 -1.61933978e-04]
[ 192.95730947  193.16105095  193.36480884 ... 1024.31173182 1024.55859777
 1024.80547097],[-2.05292990e-05 -1.25108069e-03  5.64041920e-04 ... -4.99003408e-04
 -6.04983165e-04  4.90068112e-05]
[ 192.95730947  193.16105095  193.36480884 ... 1024.31173182 1024.55859777
 1024.80547097],[ 7.70277293e-04 -2.43639217e-04  3.57368899e-04 ... -4.76647295e-04
 -8.93691237e-04 -7.18634290e-05]
[ 192.95730947  193.16105095  193.36480884 ... 1024.31173182 1024.55859777
 1024.80547097],[ 1.99669150e-04 -3.68706498e-04  1.21877022e-04 ...  1.15790085e-05
 -7.40842448e-04 -7.32704163e-04]
[ 192.95730947  193.16105095  193.36480884 ... 1024.31173182 1024.55859777
 1024.80547097],[ 7.96878699e-05  6.76026964e-05 -3.20984549e-04 ... -5.45838751e-04
 -5.17131773e-04 -5.21375575e-04]
[ 192.95730947  193.16105095  193.36480884 ... 1024.31173182 1024.55859777
 1024.80547097],[ 5.54169862e-04  3.94838501e-04  1.46645923e-05 ... -2.92052680e-04
 -6.14868298e-04 -1.77518882e-04]
[ 192.95730947  193.16105095  193.36480884 ... 1024.31173182 1024.55859777
 1024.80547097],[-3.04225385e-04  2.64022720e-04  2.88530650e-04 ... -5.48726585e-05
 -2.96034752e-04  3.37601457e-04]
[ 192.95730947  193.16105095  193.36480884 ... 1024.31173182 1024.55859777
 1024.80547097],[-0.00042353 -0.00066065  0.00018146 ...  0.00052505 -0.00047668
 -0.00048074]
[ 192.95730947  193.16105095  193.36480884 ... 1024.31173182 1024.55859777
 1024.80547097],[ 0.00021699 -0.00053932  0.00036829 ... -0.00022453 -0.0006579
 -0.00075608]
[ 192.95730947  193.16105095  193.36480884 ... 1024.31173182 1024.55859777
 1024.80547097],[ 1.71007750e-04 -6.79408289e-04  1.55826569e-05 ... -3.11398361e-04
 -2.78844870e-04 -2.09195588e-04]
[ 192.95730947  193.16105095  193.36480884 ... 1024.31173182 1024.55859777
 1024.80547097],[ 1.90450057e-05 -6.84271321e-04 -9.53914418e-05 ... -2.83516254e-04
 -7.12858178e-04 -3.77562997e-04]
[ 192.95730947  193.16105095  193.36480884 ... 1024.31173182 1024.55859777
 1024.80547097],[-4.40939441e-04 -5.06287067e-04  9.82028598e-04 ... -4.36800892e-04
 -8.25307760e-04 -6.88079759e-05]
[ 192.95730947  193.16105095  193.36480884 ... 1024.31173182 1024.55859777
 1024.80547097],[ 6.46109114e-04  6.16779556e-05  9.36446281e-04 ...  5.84833877e-04
 -5.68680507e-05  4.93565424e-05]
[ 192.95730947  193.16105095  193.36480884 ... 1024.31173182 1024.55859777
 1024.80547097],[-6.88632364e-04  2.31084974e-06 -8.75158780e-05 ... -4.31012246e-04
 -2.59289990e-04 -3.57562444e-04]
[ 192.95730947  193.16105095  193.36480884 ... 1024.31173182 1024.55859777
 1024.80547097],[-1.94231320e-04 -1.65579259e-04  8.78243522e-05 ... -3.37534947e-04
 -7.62592399e-04 -3.70005137e-04]
[ 192.95730947  193.16105095  193.36480884 ... 1024.31173182 1024.55859777
 1024.80547097],[ 5.75324061e-04 -4.95835028e-04 -1.44183175e-04 ...  1.33881839e-04
 -6.14277303e-04 -9.92630399e-05]
[ 192.95730947  193.16105095  193.36480884 ... 1024.31173182 1024.55859777
 1024.80547097],[-4.49962403e-05 -3.28046620e-05  2.00329963e-04 ... -2.04434489e-04
 -3.10698024e-04 -1.67581353e-04]
[ 192.95730947  193.16105095  193.36480884 ... 1024.31173182 1024.55859777
 1024.80547097],[ 0.00054229 -0.00026724 -0.00084769 ... -0.00011593 -0.00097049
 -0.00024696]
[ 192.95730947  193.16105095  193.36480884 ... 1024.31173182 1024.55859777
 1024.80547097],[ 6.73648528e-04  8.08088136e-05 -1.27795441e-04 ... -1.80985601e-04
 -1.55893801e-03 -1.44152573e-04]
[ 192.95730947  193.16105095  193.36480884 ... 1024.31173182 1024.55859777
 1024.80547097],[ 2.44613004e-04 -6.18066400e-04  7.28969040e-05 ... -2.10962024e-05
 -3.97226464e-04  3.71363979e-04]
[ 192.95730947  193.16105095  193.36480884 ... 1024.31173182 1024.55859777
 1024.80547097],[ 0.00065784 -0.00020492 -0.00013525 ...  0.00023675 -0.00110009
 -0.00051145]
[ 192.95730947  193.16105095  193.36480884 ... 1024.31173182 1024.55859777
 1024.80547097],[ 0.00024833 -0.00057743  0.00040778 ...  0.00021974 -0.00043026
 -0.00029535]
[ 192.95730947  193.16105095  193.36480884 ... 1024.31173182 1024.55859777
 1024.80547097],[ 0.00092182  0.00016148  0.00028409 ...  0.00083593 -0.00115895
  0.00049668]
[ 192.95730947  193.16105095  193.36480884 ... 1024.31173182 1024.55859777
 1024.80547097],[ 1.13416144e-04 -3.40448992e-04  8.48366982e-05 ...  2.03386590e-04
 -1.38308002e-03 -2.54478966e-04]
[ 192.95730947  193.16105095  193.36480884 ... 1024.31173182 1024.55859777
 1024.80547097],[ 0.00021906 -0.00043915 -0.00037788 ... -0.00060683 -0.00094622
 -0.00047605]
[ 192.95730947  193.16105095  193.36480884 ... 1024.31173182 1024.55859777
 1024.80547097],[ 7.46019734e-05 -4.11972606e-04  2.13538604e-04 ...  6.23262580e-05
 -9.02638596e-04 -4.03813897e-04]
[ 192.95730947  193.16105095  193.36480884 ... 1024.31173182 1024.55859777
 1024.80547097],[-9.40606704e-04  9.00177265e-05  3.59714963e-04 ... -3.43562491e-04
 -7.85039507e-04 -6.55259766e-05]
[ 192.95730947  193.16105095  193.36480884 ... 1024.31173182 1024.55859777
 1024.80547097],[ 1.55758626e-04 -3.43141704e-04  3.15008587e-07 ... -5.69766021e-05
 -3.43084591e-04 -2.36721809e-04]
[ 192.95730947  193.16105095  193.36480884 ... 1024.31173182 1024.55859777
 1024.80547097],[ 7.73804232e-05 -4.50160593e-04  3.22637925e-04 ...  1.50864706e-04
 -9.20340552e-04 -4.54236720e-04]
[ 192.95730947  193.16105095  193.36480884 ... 1024.31173182 1024.55859777
 1024.80547097],[ 2.13580060e-04 -2.68897446e-04  6.21588867e-05 ... -4.52815737e-04
 -7.92138504e-04 -4.00483458e-05]
[ 192.95730947  193.16105095  193.36480884 ... 1024.31173182 1024.55859777
 1024.80547097],[ 2.00369562e-04 -5.11102229e-04  3.14854219e-04 ...  2.04111092e-05
 -4.78329438e-04 -1.26797732e-04]
[ 192.95730947  193.16105095  193.36480884 ... 1024.31173182 1024.55859777
 1024.80547097],[ 5.93551269e-04  7.42160861e-05  1.92839532e-04 ...  1.31560686e-04
 -7.72210811e-04 -2.60976682e-04]
[ 192.95730947  193.16105095  193.36480884 ... 1024.31173182 1024.55859777
 1024.80547097],[ 1.65895746e-04 -1.89920971e-04 -5.49096835e-05 ...  1.82260187e-04
 -4.43202903e-04 -4.88242757e-04]
[ 192.95730947  193.16105095  193.36480884 ... 1024.31173182 1024.55859777
 1024.80547097],[ 5.89346980e-04 -3.20162554e-05  3.07293068e-04 ... -3.20394306e-05
 -9.84599472e-04  1.39685831e-04]
[ 192.95730947  193.16105095  193.36480884 ... 1024.31173182 1024.55859777
 1024.80547097],[ 0.00041537 -0.00077875  0.00042354 ...  0.00010876 -0.00089733
 -0.00047197]
[ 192.95730947  193.16105095  193.36480884 ... 1024.31173182 1024.55859777
 1024.80547097],[ 3.03942101e-04 -3.01207063e-04 -4.76873406e-05 ...  2.50759966e-04
 -8.36906219e-04  1.11789830e-04]
[ 192.95730947  193.16105095  193.36480884 ... 1024.31173182 1024.55859777
 1024.80547097],[-6.02763591e-04 -3.69749504e-04  1.86352411e-04 ... -2.18524404e-04
 -6.64061853e-04 -8.34374242e-05]
[ 192.95730947  193.16105095  193.36480884 ... 1024.31173182 1024.55859777
 1024.80547097],[ 2.62747705e-04 -6.36829236e-04  6.63482198e-05 ... -1.09418768e-04
 -7.96272632e-04  1.23595179e-04]
[ 192.95730947  193.16105095  193.36480884 ... 1024.31173182 1024.55859777
 1024.80547097],[ 3.83628940e-04  1.38306532e-04  6.16640183e-04 ...  1.42303365e-04
 -4.83156700e-04 -3.34409140e-05]
[ 192.95730947  193.16105095  193.36480884 ... 1024.31173182 1024.55859777
 1024.80547097],[ 7.12020434e-05 -1.53750815e-04  4.24375760e-05 ...  6.80377787e-04
 -7.42451244e-04  1.97917839e-04]
[ 192.95730947  193.16105095  193.36480884 ... 1024.31173182 1024.55859777
 1024.80547097],[ 0.00010735 -0.00033827  0.00058967 ... -0.00047325 -0.00055501
  0.00011143]
[ 192.95730947  193.16105095  193.36480884 ... 1024.31173182 1024.55859777
 1024.80547097],[ 0.00017606 -0.00049837 -0.00059256 ...  0.00029051 -0.00055564
 -0.00025719]
[ 192.95730947  193.16105095  193.36480884 ... 1024.31173182 1024.55859777
 1024.80547097],[ 8.38062022e-04 -5.06920828e-04  3.92460912e-04 ...  4.05825880e-06
 -5.31515735e-04 -3.72085424e-04]
[ 192.95730947  193.16105095  193.36480884 ... 1024.31173182 1024.55859777
 1024.80547097],[ 4.22409432e-05 -8.16482855e-04  4.38766287e-04 ... -3.42154004e-04
 -1.16403066e-03 -3.54428752e-04]
[ 192.95730947  193.16105095  193.36480884 ... 1024.31173182 1024.55859777
 1024.80547097],[ 0.00010663 -0.00087061  0.00050325 ... -0.00051488 -0.00095239
  0.00052779]
[ 192.95730947  193.16105095  193.36480884 ... 1024.31173182 1024.55859777
 1024.80547097],[ 1.64158656e-04 -5.02368605e-04  7.20312981e-04 ...  8.83424319e-06
 -6.57702150e-04 -2.69266740e-04]
[ 192.95730947  193.16105095  193.36480884 ... 1024.31173182 1024.55859777
 1024.80547097],[ 0.0005566  -0.00030185  0.00030322 ... -0.00013011 -0.00103359
 -0.00024055]
[ 192.95730947  193.16105095  193.36480884 ... 1024.31173182 1024.55859777
 1024.80547097],[ 1.12636233e-03 -2.10636302e-06  1.07726581e-03 ... -1.41004422e-04
 -2.63645495e-04  3.87604528e-05]
[ 192.95730947  193.16105095  193.36480884 ... 1024.31173182 1024.55859777
 1024.80547097],[ 6.83818854e-04 -3.91476080e-04  2.29992989e-04 ...  3.78511761e-05
 -2.36119025e-04 -1.09391775e-04]
[ 192.95730947  193.16105095  193.36480884 ... 1024.31173182 1024.55859777
 1024.80547097],[ 0.00047556 -0.00011719  0.00079038 ... -0.00043607 -0.00131509
  0.00052887]
[ 192.95730947  193.16105095  193.36480884 ... 1024.31173182 1024.55859777
 1024.80547097],[ 2.11588596e-04 -8.70289774e-05  4.69147091e-04 ...  3.83229387e-04
 -1.18675551e-03  1.92812939e-05]
[ 192.95730947  193.16105095  193.36480884 ... 1024.31173182 1024.55859777
 1024.80547097],[-2.32030665e-04 -7.25802570e-05  3.68956437e-04 ...  7.44945907e-05
 -6.81763988e-04  2.62703845e-04]
[ 192.95730947  193.16105095  193.36480884 ... 1024.31173182 1024.55859777
 1024.80547097],[-8.97966095e-05 -4.47453164e-05  4.58102477e-04 ...  1.06555853e-04
 -9.23931085e-04 -5.47734008e-04]
[ 192.95730947  193.16105095  193.36480884 ... 1024.31173182 1024.55859777
 1024.80547097],[ 7.61460696e-04 -1.87125570e-04 -1.93890619e-05 ...  1.72692993e-05
 -5.46971430e-04 -5.46926262e-04]
[ 192.95730947  193.16105095  193.36480884 ... 1024.31173182 1024.55859777
 1024.80547097],[ 1.02522975e-03  6.44295116e-05 -4.19280089e-05 ...  6.83723702e-05
 -3.52710131e-04 -8.69480214e-05]
[ 192.95730947  193.16105095  193.36480884 ... 1024.31173182 1024.55859777
 1024.80547097],[ 2.24201560e-04 -2.58244084e-04  4.12243756e-04 ...  3.43951966e-06
 -8.26519466e-04 -2.66424755e-04]
[ 192.95730947  193.16105095  193.36480884 ... 1024.31173182 1024.55859777
 1024.80547097],[ 7.64876823e-04 -5.51594624e-04  1.80243950e-04 ... -3.18603485e-04
 -6.53835134e-04  8.62009449e-05]
[ 192.95730947  193.16105095  193.36480884 ... 1024.31173182 1024.55859777
 1024.80547097],[ 0.00038959 -0.00057966  0.00057755 ...  0.00028711 -0.00015849
  0.00013161]
[ 192.95730947  193.16105095  193.36480884 ... 1024.31173182 1024.55859777
 1024.80547097],[-8.00749793e-05 -3.10437939e-05  5.20945298e-04 ... -3.37612098e-04
 -3.94816792e-04 -3.98995867e-04]
[ 192.95730947  193.16105095  193.36480884 ... 1024.31173182 1024.55859777
 1024.80547097],[ 4.52296806e-05 -3.47311197e-04  3.19301275e-04 ... -4.24945662e-04
 -1.08335825e-03 -1.26455011e-04]
[ 192.95730947  193.16105095  193.36480884 ... 1024.31173182 1024.55859777
 1024.80547097],[ 4.66026357e-04 -3.68009895e-04  5.76329521e-04 ... -1.47236591e-04
 -5.64168027e-04  1.63012513e-05]
[ 192.95730947  193.16105095  193.36480884 ... 1024.31173182 1024.55859777
 1024.80547097],[-2.59288602e-04  5.13381593e-05  9.01906979e-04 ... -4.02497491e-04
 -6.47912522e-04 -3.12423252e-04]
[ 192.95730947  193.16105095  193.36480884 ... 1024.31173182 1024.55859777
 1024.80547097],[ 2.16338311e-04  8.54346323e-05  9.60472138e-04 ... -2.94738173e-04
 -1.14533217e-03 -3.76616183e-04]
[ 192.95730947  193.16105095  193.36480884 ... 1024.31173182 1024.55859777
 1024.80547097],[-1.51663706e-04 -3.39659198e-04  3.23929719e-05 ...  5.22935972e-04
 -1.80252667e-04 -3.76533374e-04]
[ 192.95730947  193.16105095  193.36480884 ... 1024.31173182 1024.55859777
 1024.80547097],[-0.000128   -0.00032867 -0.00016898 ... -0.00083137 -0.00114647
 -0.00065976]
[ 192.95730947  193.16105095  193.36480884 ... 1024.31173182 1024.55859777
 1024.80547097],[-1.44158886e-04 -3.93559826e-04  3.30190879e-04 ... -8.68483454e-05
 -6.43020558e-04  2.40247521e-04]
[ 192.95730947  193.16105095  193.36480884 ... 1024.31173182 1024.55859777
 1024.80547097],[ 0.0003671  -0.00020117  0.00067792 ...  0.00017904 -0.00091237
  0.00039579]
[ 192.95730947  193.16105095  193.36480884 ... 1024.31173182 1024.55859777
 1024.80547097],[ 8.98600593e-04 -2.11959504e-05  7.28817454e-05 ...  3.20295288e-05
 -1.72361652e-04  3.75375479e-04]
[ 192.95730947  193.16105095  193.36480884 ... 1024.31173182 1024.55859777
 1024.80547097],[-3.02897376e-05 -9.42074244e-04 -2.38860282e-04 ...  2.68952253e-05
 -1.12195650e-04  2.28067906e-05]
[ 192.95730947  193.16105095  193.36480884 ... 1024.31173182 1024.55859777
 1024.80547097],[-5.61148434e-04 -2.50468366e-04  9.30199980e-05 ... -8.28901373e-05
 -8.14780527e-04 -2.58594662e-04]
[ 192.95730947  193.16105095  193.36480884 ... 1024.31173182 1024.55859777
 1024.80547097],[ 4.93658291e-04  1.21606830e-04  3.13745776e-04 ... -1.52261642e-04
 -5.81573772e-04 -7.05136422e-05]
[ 192.95730947  193.16105095  193.36480884 ... 1024.31173182 1024.55859777
 1024.80547097],[ 0.00014953  0.0003499   0.00035794 ... -0.00037375 -0.00047184
 -0.00026345]
[ 192.95730947  193.16105095  193.36480884 ... 1024.31173182 1024.55859777
 1024.80547097],[-1.18359730e-04 -7.06955230e-04  5.35020711e-05 ...  2.86267791e-04
 -4.08476728e-04 -1.99918669e-04]
[ 192.95730947  193.16105095  193.36480884 ... 1024.31173182 1024.55859777
 1024.80547097],[ 3.09050782e-04  3.13161399e-04 -6.84474294e-04 ... -3.57440564e-04
 -6.55805536e-04 -9.16853757e-05]
[ 192.95730947  193.16105095  193.36480884 ... 1024.31173182 1024.55859777
 1024.80547097],[ 2.10480872e-04 -3.65946778e-04  1.00930408e-05 ... -7.99510860e-05
 -6.97204665e-04 -1.57498912e-04]
[ 192.95730947  193.16105095  193.36480884 ... 1024.31173182 1024.55859777
 1024.80547097],[ 5.94279261e-04 -2.84882964e-04  5.33865758e-06 ... -3.38046568e-04
 -6.98034272e-04 -5.01611904e-04]
[ 192.95730947  193.16105095  193.36480884 ... 1024.31173182 1024.55859777
 1024.80547097],[ 1.12426252e-04 -3.12773852e-04  8.79075311e-05 ... -2.47361414e-04
 -8.27941481e-04  7.56374751e-05]
[ 192.95730947  193.16105095  193.36480884 ... 1024.31173182 1024.55859777
 1024.80547097],[ 9.26439217e-05 -4.26705344e-04  8.48954444e-04 ...  4.80954723e-04
 -5.20647060e-04  3.70588092e-04]
[ 192.95730947  193.16105095  193.36480884 ... 1024.31173182 1024.55859777
 1024.80547097],[ 3.25391171e-04 -4.06503934e-04  2.36389570e-06 ... -3.85088399e-05
 -5.98622688e-04 -4.22913362e-04]
[ 192.95730947  193.16105095  193.36480884 ... 1024.31173182 1024.55859777
 1024.80547097],[-2.90130477e-05 -8.34555304e-04  4.87176472e-05 ... -3.19358415e-04
 -1.24755530e-03  2.20403809e-04]
[ 192.95730947  193.16105095  193.36480884 ... 1024.31173182 1024.55859777
 1024.80547097],[-5.05925136e-05 -1.48620797e-04  8.24538067e-04 ... -5.12758776e-04
 -4.84151289e-04 -3.69570640e-04]
[ 192.95730947  193.16105095  193.36480884 ... 1024.31173182 1024.55859777
 1024.80547097],[ 0.00038981 -0.0004689  -0.00012546 ... -0.00031757 -0.00082871
 -0.0001786 ]
[ 192.95730947  193.16105095  193.36480884 ... 1024.31173182 1024.55859777
 1024.80547097],[-1.46675899e-05 -7.62955699e-04  7.52225575e-05 ...  3.90160452e-04
 -5.50362632e-04  2.14325449e-04]
[ 192.95730947  193.16105095  193.36480884 ... 1024.31173182 1024.55859777
 1024.80547097],[ 0.00084046 -0.00048822  0.00070959 ...  0.00014141 -0.00055362
  0.00058289]
[ 192.95730947  193.16105095  193.36480884 ... 1024.31173182 1024.55859777
 1024.80547097],[ 1.28048856e-03  7.05401220e-05  6.59172038e-04 ... -7.14274941e-04
 -6.84541566e-05 -4.24207018e-04]
[ 192.95730947  193.16105095  193.36480884 ... 1024.31173182 1024.55859777
 1024.80547097],[ 0.00092792 -0.00056869  0.00026956 ... -0.00016807 -0.00026209
 -0.00012302]
[ 192.95730947  193.16105095  193.36480884 ... 1024.31173182 1024.55859777
 1024.80547097],[-9.97584704e-05 -5.45447938e-04  6.27827831e-04 ... -4.47519557e-04
 -3.86066445e-04 -2.18360530e-04]
[ 192.95730947  193.16105095  193.36480884 ... 1024.31173182 1024.55859777
 1024.80547097],[-0.00046138 -0.00039187  0.00059342 ... -0.0004981  -0.00112785
 -0.00011389]
[ 192.95730947  193.16105095  193.36480884 ... 1024.31173182 1024.55859777
 1024.80547097],[-4.98944904e-04 -2.33167354e-04 -8.59909750e-05 ... -2.29082052e-04
 -1.25538340e-03 -2.94587065e-04]
[ 192.95730947  193.16105095  193.36480884 ... 1024.31173182 1024.55859777
 1024.80547097],[-0.00012884 -0.00051722  0.00050475 ... -0.00043559 -0.00073392
 -0.00021892]
[ 192.95730947  193.16105095  193.36480884 ... 1024.31173182 1024.55859777
 1024.80547097],[ 9.84909918e-05  1.71980456e-04 -5.28118271e-05 ...  2.70211656e-04
 -5.06743803e-04 -1.59128389e-04]
[ 192.95730947  193.16105095  193.36480884 ... 1024.31173182 1024.55859777
 1024.80547097],[ 5.58727561e-04 -6.26934918e-05  7.14079713e-04 ... -2.18029334e-04
 -1.09291298e-03  3.95087835e-05]
[ 192.95730947  193.16105095  193.36480884 ... 1024.31173182 1024.55859777
 1024.80547097],[ 4.48163695e-05 -9.24217166e-04  3.26959324e-04 ... -4.58046628e-04
 -5.80635131e-04 -3.55798716e-04]
[ 192.95730947  193.16105095  193.36480884 ... 1024.31173182 1024.55859777
 1024.80547097],[ 0.00059824 -0.00057509  0.00077816 ... -0.00029294 -0.00048922
 -0.00010102]
